1 0.242334 0.809473 0.481738 0.381055
1 0.741357 0.875479 0.517285 0.249043
2 0.499023 0.310674 0.998047 0.621348
3 0.350146 0.208086 0.069238 0.102031
5 0.682305 0.269854 0.153438 0.107637
5 0.463828 0.470088 0.528633 0.384707
3 0.094854 0.529463 0.108262 0.110449
4 0.742148 0.702139 0.221406 0.077754
5 0.968359 0.171855 0.057070 0.093008
5 0.712070 0.372646 0.041953 0.024512
5 0.776563 0.420938 0.017773 0.023398
5 0.959580 0.522969 0.076934 0.075820
1 0.140166 0.537393 0.137363 0.158262
1 0.618350 0.394629 0.755957 0.554648
1 0.510400 0.115117 0.290684 0.015000
1 0.812773 0.198682 0.313867 0.170293
1 0.985098 0.134668 0.025898 0.042305
1 0.974395 0.212061 0.047305 0.065332
1 0.682490 0.336143 0.140801 0.089980
1 0.739873 0.400146 0.082754 0.068027