5 0.253047 0.462158 0.506094 0.247871
5 0.342139 0.933262 0.103105 0.129609
5 0.167568 0.964014 0.135684 0.068066
5 0.575459 0.929531 0.061504 0.044336
1 0.669922 0.450195 0.632812 0.357422
5 0.725918 0.555947 0.544258 0.210840
5 0.476289 0.329863 0.295117 0.224414
5 0.105430 0.753291 0.210742 0.172832
4 0.473096 0.175010 0.481191 0.350020
4 0.955908 0.447832 0.084277 0.115664
4 0.259961 0.663125 0.400547 0.230742
2 0.230117 0.228779 0.460234 0.457559
2 0.223691 0.008857 0.050586 0.017715
2 0.735684 0.182480 0.524727 0.364961
5 0.841396 0.147861 0.313301 0.153926
1 0.499023 0.809570 0.998047 0.376953
1 0.255859 0.369141 0.179688 0.097656
5 0.343750 0.936230 0.099414 0.123633
1 0.156250 0.622070 0.312500 0.146484