2 0.874023 0.492188 0.251953 0.468750
3 0.208984 0.262695 0.261719 0.087891
2 0.239258 0.360352 0.111328 0.087891
2 0.113281 0.362305 0.015625 0.021484
2 0.119141 0.338867 0.015625 0.013672
2 0.068359 0.300781 0.054688 0.054688
2 0.022461 0.331055 0.025391 0.013672
2 0.010742 0.384766 0.017578 0.011719
2 0.082031 0.462891 0.027344 0.031250
2 0.003906 0.476562 0.007812 0.031250
2 0.111328 0.528320 0.031250 0.029297
2 0.145508 0.678711 0.056641 0.072266
2 0.250000 0.667969 0.027344 0.039062
2 0.156250 0.727539 0.042969 0.021484
2 0.211914 0.752930 0.056641 0.021484
2 0.252930 0.703125 0.048828 0.023438
2 0.306641 0.669922 0.035156 0.023438
2 0.434570 0.791992 0.607422 0.416016
4 0.405273 0.050781 0.810547 0.101562
4 0.408203 0.296875 0.816406 0.371094
2 0.880859 0.573242 0.238281 0.603516
4 0.908203 0.908203 0.183594 0.183594
5 0.488281 0.328125 0.976562 0.656250
4 0.113281 0.756836 0.226562 0.478516
5 0.894531 0.232422 0.210938 0.355469
5 0.841797 0.434570 0.078125 0.134766
5 0.711914 0.731445 0.208984 0.537109