3 0.089844 0.261719 0.093750 0.140625
1 0.446289 0.504883 0.732422 0.302734
2 0.263672 0.217773 0.046875 0.091797
1 0.387695 0.363281 0.146484 0.046875
2 0.170898 0.337891 0.080078 0.113281
1 0.360352 0.291992 0.201172 0.193359
4 0.618164 0.753906 0.763672 0.492188
4 0.761719 0.498047 0.476562 0.996094
4 0.588477 0.197920 0.001172 0.000488
4 0.525391 0.166016 0.226562 0.332031
4 0.125977 0.232422 0.251953 0.464844
4 0.290039 0.636719 0.580078 0.726562
4 0.531250 0.180664 0.707031 0.361328
2 0.696289 0.355469 0.392578 0.308594
2 0.433594 0.425781 0.277344 0.156250
2 0.397461 0.298828 0.251953 0.160156