3 0.085938 0.948242 0.171875 0.103516
5 0.704102 0.198242 0.369141 0.201172
2 0.313477 0.740234 0.626953 0.519531
4 0.524414 0.940430 0.267578 0.119141
4 0.769531 0.865234 0.171875 0.269531
0 0.625977 0.831055 0.220703 0.337891
4 0.513672 0.093750 0.410156 0.187500
4 0.208008 0.257812 0.416016 0.515625
5 0.396484 0.368164 0.203125 0.255859
2 0.362305 0.137695 0.216797 0.275391
1 0.141602 0.484375 0.166016 0.093750
4 0.724609 0.459961 0.550781 0.447266
2 0.772461 0.766602 0.455078 0.466797
2 0.840820 0.230469 0.318359 0.070312
4 0.724609 0.140625 0.550781 0.281250