3 0.753906 0.483398 0.234375 0.107422
3 0.986328 0.610352 0.027344 0.060547
3 0.890625 0.600586 0.062500 0.076172
4 0.182617 0.764648 0.365234 0.470703
1 0.046875 0.945312 0.093750 0.058594
1 0.225586 0.879883 0.197266 0.052734
1 0.186523 0.983398 0.162109 0.033203
1 0.297852 0.447266 0.580078 0.414062
1 0.030273 0.324219 0.060547 0.312500
3 0.666992 0.709961 0.666016 0.580078
2 0.426758 0.659180 0.220703 0.314453
2 0.581055 0.621094 0.369141 0.304688
4 0.466797 0.649414 0.273438 0.318359
2 0.450195 0.831055 0.318359 0.337891
4 0.701172 0.516602 0.597656 0.451172
4 0.685547 0.192383 0.628906 0.384766
5 0.763672 0.358398 0.472656 0.173828
4 0.254883 0.283203 0.509766 0.566406
4 0.276367 0.031250 0.173828 0.062500
2 0.279297 0.440430 0.285156 0.123047
4 0.051758 0.369141 0.083984 0.222656
4 0.502930 0.388672 0.095703 0.117188
2 0.337891 0.262695 0.449219 0.427734