3 0.692383 0.733398 0.185547 0.279297
5 0.832031 0.910156 0.335938 0.179688
1 0.271484 0.291016 0.542969 0.500000
1 0.094727 0.176758 0.189453 0.119141
1 0.064453 0.015625 0.128906 0.031250
1 0.500000 0.025391 0.242188 0.050781
1 0.754883 0.263672 0.490234 0.148438
2 0.333008 0.643555 0.208984 0.388672
4 0.249023 0.669922 0.306641 0.457031
4 0.148438 0.832031 0.296875 0.335938
2 0.093750 0.577148 0.187500 0.283203
4 0.485352 0.734375 0.337891 0.531250
2 0.553711 0.937500 0.162109 0.125000
4 0.625977 0.936523 0.146484 0.126953
4 0.277344 0.231445 0.554688 0.462891
4 0.717773 0.144531 0.564453 0.289062
4 0.472656 0.425781 0.316406 0.273438
2 0.699219 0.420898 0.250000 0.166016
4 0.798828 0.699219 0.332031 0.382812
2 0.914062 0.683594 0.171875 0.429688
4 0.795898 0.379883 0.408203 0.326172
2 0.415039 0.323242 0.216797 0.220703
4 0.299805 0.951172 0.177734 0.097656