1 0.791016 0.890625 0.351562 0.101562
1 0.144531 0.407227 0.289062 0.119141
1 0.854492 0.798828 0.291016 0.152344
1 0.751953 0.261719 0.496094 0.523438
1 0.826172 0.626953 0.347656 0.304688
4 0.732422 0.482422 0.320312 0.117188
2 0.390625 0.138672 0.781250 0.277344
1 0.611328 0.298828 0.593750 0.296875
1 0.283203 0.784180 0.566406 0.373047
2 0.306641 0.601562 0.613281 0.355469
4 0.247070 0.347656 0.494141 0.187500
4 0.309570 0.897461 0.619141 0.205078
4 0.734375 0.712891 0.472656 0.425781
1 0.757812 0.890625 0.484375 0.218750
2 0.541016 0.457031 0.250000 0.167969
2 0.196289 0.247070 0.392578 0.142578