5 0.296875 0.750000 0.406250 0.281250
5 0.359375 0.381836 0.394531 0.263672
5 0.463867 0.959961 0.138672 0.080078
5 0.561523 0.984375 0.095703 0.031250
4 0.706055 0.144531 0.587891 0.289062
4 0.229492 0.254883 0.216797 0.115234
5 0.932617 0.145508 0.134766 0.193359
4 0.937500 0.267578 0.125000 0.113281
3 0.741211 0.757812 0.173828 0.253906
4 0.649414 0.597656 0.119141 0.109375
5 0.251953 0.897461 0.070312 0.052734
5 0.277344 0.428711 0.554688 0.353516
5 0.192383 0.014648 0.060547 0.029297
5 0.865234 0.366211 0.062500 0.080078
2 0.324219 0.944336 0.242188 0.111328
2 0.315430 0.133789 0.630859 0.267578
2 0.613281 0.609375 0.773438 0.781250
2 0.258789 0.733398 0.517578 0.533203
5 0.098633 0.335938 0.197266 0.136719
2 0.417969 0.226562 0.210938 0.101562
2 0.841797 0.296875 0.164062 0.113281
5 0.583984 0.235352 0.132812 0.052734