3 0.643555 0.444336 0.345703 0.337891
5 0.877930 0.327148 0.119141 0.220703
2 0.747070 0.694336 0.505859 0.240234
2 0.325195 0.532227 0.552734 0.396484
5 0.182617 0.404297 0.365234 0.226562
3 0.188477 0.278320 0.099609 0.048828
2 0.184570 0.800781 0.369141 0.183594
3 0.320312 0.985352 0.066406 0.029297
3 0.504883 0.936523 0.025391 0.029297
1 0.500000 0.252930 1.000000 0.505859
1 0.106445 0.270508 0.212891 0.146484
1 0.261719 0.756836 0.523438 0.486328
1 0.684570 0.871094 0.630859 0.257812
1 0.840820 0.530273 0.318359 0.193359
1 0.532227 0.329102 0.357422 0.357422