5 0.632812 0.294922 0.734375 0.500000
5 0.112305 0.538086 0.126953 0.076172
5 0.081055 0.357422 0.162109 0.109375
3 0.423828 0.664062 0.109375 0.148438
5 0.329102 0.850586 0.126953 0.103516
3 0.037109 0.896484 0.050781 0.082031
5 0.201172 0.739258 0.066406 0.224609
5 0.913086 0.883789 0.173828 0.095703
2 0.577148 0.783203 0.845703 0.433594
5 0.883789 0.754883 0.138672 0.107422
6 0.449219 0.087891 0.898438 0.160156
1 0.229492 0.076172 0.458984 0.152344
1 0.103516 0.768555 0.207031 0.462891
1 0.833984 0.491211 0.332031 0.302734
6 0.966797 0.642578 0.066406 0.070312
1 0.500000 0.180664 1.000000 0.361328
1 0.377930 0.783203 0.373047 0.210938
1 0.382812 0.506836 0.757812 0.470703
2 0.707031 0.270508 0.445312 0.267578
2 0.270508 0.309570 0.267578 0.208984