3 0.394531 0.694336 0.160156 0.142578
3 0.425781 0.908203 0.109375 0.093750
5 0.694336 0.785156 0.611328 0.429688
5 0.209961 0.855469 0.419922 0.289062
5 0.689453 0.281250 0.187500 0.250000
5 0.656250 0.125977 0.343750 0.251953
5 0.187500 0.409180 0.375000 0.173828
1 0.757812 0.816406 0.484375 0.367188
4 0.673828 0.769531 0.652344 0.460938
1 0.473633 0.598633 0.947266 0.501953
1 0.390625 0.832031 0.417969 0.335938
2 0.126953 0.888672 0.253906 0.074219
1 0.240234 0.230469 0.480469 0.460938
4 0.860352 0.109375 0.279297 0.218750
2 0.870117 0.379883 0.259766 0.361328
4 0.604492 0.302734 0.259766 0.214844
2 0.527344 0.067383 0.109375 0.134766
1 0.661133 0.168945 0.169922 0.123047