3 0.572266 0.325195 0.410156 0.650391
5 0.473633 0.864258 0.216797 0.271484
5 0.565430 0.639648 0.251953 0.173828
5 0.412109 0.096680 0.140625 0.033203
5 0.356445 0.289062 0.115234 0.078125
2 0.312500 0.500000 0.625000 1.000000
1 0.703125 0.500000 0.593750 1.000000
4 0.104492 0.198242 0.208984 0.396484
2 0.268555 0.419922 0.537109 0.839844
5 0.240234 0.161133 0.097656 0.181641
5 0.147461 0.235352 0.287109 0.330078
1 0.234375 0.129883 0.148438 0.259766
1 0.328125 0.797852 0.320312 0.404297
1 0.499023 0.891602 0.220703 0.216797