5 0.679688 0.137695 0.332031 0.275391
5 0.364258 0.495117 0.728516 0.607422
5 0.690430 0.717773 0.619141 0.431641
4 0.693359 0.858398 0.613281 0.185547
4 0.172852 0.894531 0.345703 0.210938
1 0.500000 0.920898 1.000000 0.158203
2 0.446289 0.650391 0.669922 0.414062
5 0.234375 0.810547 0.246094 0.105469
2 0.252930 0.853516 0.255859 0.128906
4 0.417969 0.277344 0.726562 0.554688
5 0.725586 0.451172 0.548828 0.429688
2 0.789062 0.152344 0.421875 0.304688
1 0.308594 0.134766 0.367188 0.269531
2 0.067383 0.125000 0.134766 0.250000
2 0.504883 0.089844 0.240234 0.179688