1 0.500000 0.738281 1.000000 0.523438
4 0.291992 0.030273 0.443359 0.060547
4 0.987305 0.269531 0.025391 0.289062
4 0.695312 0.454102 0.246094 0.052734
4 0.838867 0.160156 0.197266 0.320312
4 0.500000 0.537109 1.000000 0.136719
5 0.139648 0.364258 0.279297 0.236328
1 0.364258 0.249023 0.701172 0.498047
1 0.127930 0.185547 0.255859 0.371094
1 0.022461 0.383789 0.044922 0.134766
1 0.076172 0.452148 0.152344 0.107422
1 0.768555 0.258789 0.462891 0.517578
1 0.663086 0.426758 0.384766 0.142578
1 0.700195 0.187500 0.466797 0.375000
1 0.791016 0.511719 0.417969 0.167969
1 0.871094 0.439453 0.050781 0.054688
1 0.578125 0.368164 0.218750 0.130859