5 0.592773 0.546875 0.224609 0.175781
5 0.430664 0.649414 0.228516 0.041016
5 0.111328 0.771484 0.222656 0.230469
5 0.352539 0.392578 0.162109 0.082031
5 0.132812 0.510742 0.265625 0.240234
5 0.176758 0.283203 0.232422 0.113281
2 0.500000 0.818359 1.000000 0.363281
1 0.676758 0.911133 0.646484 0.177734
2 0.771484 0.609375 0.457031 0.230469
1 0.117188 0.673828 0.234375 0.156250
2 0.643555 0.412109 0.712891 0.464844
1 0.810547 0.196289 0.378906 0.392578
3 0.104492 0.312500 0.208984 0.218750
2 0.360352 0.148438 0.720703 0.296875
2 0.517578 0.250000 0.433594 0.257812