4 0.389648 0.748047 0.779297 0.414062
5 0.048828 0.673828 0.097656 0.101562
5 0.160156 0.341797 0.320312 0.203125
5 0.212891 0.541016 0.183594 0.164062
4 0.328125 0.243164 0.640625 0.486328
5 0.302734 0.416992 0.605469 0.353516
5 0.762695 0.173828 0.474609 0.347656
2 0.870117 0.285156 0.216797 0.328125
4 0.626953 0.093750 0.097656 0.058594
4 0.633789 0.039062 0.177734 0.078125
2 0.684570 0.633789 0.083984 0.064453
1 0.105469 0.118164 0.210938 0.236328
1 0.472656 0.109375 0.437500 0.218750
1 0.792969 0.548828 0.414062 0.902344
1 0.500000 0.842773 1.000000 0.314453
1 0.469727 0.595703 0.494141 0.238281
1 0.108398 0.468750 0.216797 0.238281