3 0.509766 0.780273 0.503906 0.154297
3 0.151367 0.426758 0.056641 0.033203
3 0.247070 0.411133 0.095703 0.033203
3 0.474609 0.441406 0.082031 0.054688
3 0.484375 0.664062 0.179688 0.109375
3 0.722656 0.534180 0.128906 0.048828
3 0.954102 0.720703 0.087891 0.066406
3 0.695312 0.920898 0.152344 0.052734
3 0.915039 0.875977 0.138672 0.048828
3 0.296875 0.927734 0.039062 0.027344
3 0.898438 0.610352 0.042969 0.025391
3 0.765625 0.437500 0.226562 0.074219
1 0.580078 0.233398 0.835938 0.466797
1 0.324219 0.354492 0.648438 0.708984
3 0.079102 0.247070 0.158203 0.080078
1 0.500010 0.637998 0.996113 0.720098
1 0.234590 0.803730 0.463359 0.205898
1 0.195117 0.863721 0.120625 0.142090