0 0.582031 0.294922 0.835938 0.589844
4 0.624023 0.875977 0.310547 0.248047
4 0.824219 0.878906 0.148438 0.242188
4 0.470703 0.560547 0.320312 0.195312
3 0.908203 0.678711 0.183594 0.111328
5 0.255859 0.334961 0.511719 0.349609
5 0.054688 0.206055 0.109375 0.068359
5 0.079102 0.146484 0.130859 0.078125
1 0.103516 0.275391 0.207031 0.140625
1 0.095703 0.094727 0.191406 0.189453
1 0.086914 0.187500 0.119141 0.050781
1 0.255859 0.722656 0.511719 0.554688
1 0.678711 0.695312 0.642578 0.292969
1 0.269531 0.188477 0.179688 0.376953
1 0.648438 0.499023 0.703125 0.271484
2 0.745117 0.867188 0.181641 0.265625
1 0.917969 0.819336 0.164062 0.361328