4 0.288086 0.714844 0.435547 0.570312
4 0.657227 0.901367 0.158203 0.197266
4 0.212891 0.930664 0.265625 0.138672
2 0.473633 0.624023 0.181641 0.279297
2 0.445312 0.260742 0.136719 0.263672
2 0.661133 0.202148 0.107422 0.119141
2 0.635742 0.381836 0.099609 0.115234
5 0.682617 0.060547 0.275391 0.121094
5 0.500000 0.421875 0.312500 0.222656
5 0.746094 0.878906 0.117188 0.242188
5 0.194336 0.775391 0.388672 0.449219
1 0.101562 0.872070 0.203125 0.255859
1 0.500000 0.500000 1.000000 1.000000
1 0.280273 0.454102 0.560547 0.908203
2 0.072266 0.444336 0.144531 0.416016