2 0.952148 0.500000 0.095703 1.000000
3 0.880859 0.078125 0.070312 0.093750
2 0.703125 0.070312 0.425781 0.140625
3 0.531250 0.622070 0.164062 0.126953
3 0.193359 0.022461 0.085938 0.044922
5 0.098633 0.452148 0.197266 0.138672
5 0.065430 0.026367 0.130859 0.052734
5 0.626953 0.751953 0.578125 0.246094
5 0.190430 0.769531 0.380859 0.128906
1 0.460938 0.880859 0.921875 0.238281
1 0.411133 0.538086 0.822266 0.544922
1 0.548828 0.366211 0.730469 0.537109
1 0.261719 0.046875 0.500000 0.093750
1 0.147461 0.211914 0.294922 0.419922
1 0.366211 0.148438 0.392578 0.296875