5 0.554688 0.662109 0.890625 0.675781
4 0.953125 0.948242 0.093750 0.103516
5 0.916992 0.537109 0.166016 0.460938
5 0.445312 0.454102 0.667969 0.427734
5 0.696289 0.430664 0.607422 0.380859
5 0.106445 0.696289 0.212891 0.048828
5 0.104492 0.050781 0.119141 0.046875
5 0.180664 0.330078 0.361328 0.105469
2 0.355469 0.178711 0.710938 0.357422
5 0.868164 0.253906 0.263672 0.105469
5 0.682617 0.147461 0.173828 0.154297
1 0.887695 0.072266 0.224609 0.144531
1 0.755859 0.136719 0.488281 0.273438
1 0.529297 0.050781 0.148438 0.101562
4 0.089844 0.837891 0.179688 0.183594
1 0.060547 0.939453 0.121094 0.121094
1 0.235352 0.547852 0.470703 0.392578
4 0.709961 0.642578 0.580078 0.671875
2 0.196289 0.754883 0.392578 0.126953
5 0.384766 0.501953 0.546875 0.335938