5 0.323242 0.734375 0.646484 0.531250
5 0.682617 0.458984 0.197266 0.179688
3 0.425781 0.520508 0.089844 0.083984
3 0.924805 0.431641 0.150391 0.320312
4 0.461914 0.342773 0.169922 0.107422
4 0.500000 0.817383 1.000000 0.365234
3 0.583984 0.192383 0.066406 0.044922
3 0.110352 0.223633 0.064453 0.056641
1 0.500000 0.178711 1.000000 0.357422
1 0.264648 0.804688 0.529297 0.324219
1 0.563477 0.901367 0.205078 0.197266
1 0.954102 0.663086 0.091797 0.228516
1 0.669922 0.540039 0.500000 0.431641
1 0.286133 0.462891 0.572266 0.296875
1 0.491211 0.294922 0.982422 0.250000