5 0.199219 0.174805 0.398438 0.349609
5 0.495117 0.855469 0.466797 0.289062
5 0.829102 0.313477 0.341797 0.326172
5 0.522461 0.234375 0.287109 0.230469
3 0.295898 0.859375 0.345703 0.218750
3 0.332031 0.919922 0.250000 0.105469
5 0.791992 0.569336 0.353516 0.228516
4 0.793945 0.764648 0.412109 0.470703
4 0.499023 0.548828 0.544922 0.394531
1 0.281250 0.744141 0.562500 0.511719
1 0.326172 0.473633 0.652344 0.310547
1 0.163086 0.089844 0.326172 0.179688
1 0.676758 0.161133 0.646484 0.322266
4 0.870117 0.490234 0.173828 0.105469
1 0.637695 0.961914 0.130859 0.076172
1 0.851562 0.920898 0.140625 0.158203
1 0.314453 0.129883 0.082031 0.123047