4 0.499658 0.592773 0.996777 0.810547
4 0.569336 0.501934 0.717305 0.389297
4 0.165703 0.212275 0.327500 0.424551
4 0.857676 0.247002 0.200039 0.095566
4 0.961455 0.794307 0.073184 0.098496
4 0.938145 0.427686 0.029687 0.018770
4 0.922920 0.424932 0.073457 0.037520
4 0.848174 0.480439 0.110410 0.042207
4 0.220410 0.764033 0.207891 0.130449
1 0.637295 0.389580 0.244629 0.258496
1 0.978359 0.657041 0.039375 0.043535
1 0.602129 0.048613 0.283125 0.088984
1 0.846992 0.075273 0.090078 0.052617
2 0.848027 0.392715 0.153555 0.078672
2 0.221338 0.648994 0.413574 0.110176
4 0.613984 0.940469 0.202266 0.115156
4 0.959570 0.468604 0.076953 0.204316
5 0.927666 0.094639 0.140762 0.189277
5 0.487920 0.168857 0.512168 0.337715
4 0.126289 0.302471 0.252578 0.333730
5 0.805537 0.724023 0.075527 0.045039
2 0.380439 0.278877 0.255723 0.218965
4 0.810469 0.128369 0.246758 0.256738
4 0.545918 0.331387 0.186719 0.217734
5 0.619639 0.031445 0.184434 0.062891