1 0.500000 0.740430 1.000000 0.519141
1 0.796875 0.266309 0.406250 0.426367
1 0.111719 0.239746 0.223438 0.479492
1 0.314063 0.278223 0.175000 0.399414
3 0.452148 0.357422 0.029297 0.011719
3 0.530273 0.220703 0.048828 0.039062
3 0.425781 0.158203 0.035156 0.019531
1 0.523438 0.432324 0.281250 0.125586
5 0.919922 0.018555 0.160156 0.037109
5 0.615234 0.019531 0.769531 0.039062
1 0.527930 0.097705 0.356641 0.085254
1 0.446094 0.258291 0.110937 0.132949
1 0.560937 0.315508 0.137500 0.118516
1 0.522432 0.170000 0.153770 0.061602
1 0.575557 0.227490 0.042324 0.059746
1 0.533555 0.250225 0.068633 0.019434
1 0.426094 0.183516 0.059180 0.031680
1 0.416074 0.350313 0.040586 0.063203
1 0.467520 0.344854 0.070938 0.059707